	Root558	Root1252	Root16D2	Soil810	Root76	Root482	Root219	Root137	Root151	Root322	Root63	Root604	Root239	Root411	Root720	Root344	Root60	Root101	Root627	Soil805	Root179	Root224	Root444D2	Root122	Root682	Root695	Root487D2Y	Root79	Root180	Root154	Root68	Root413D1	Root335	Root491	Root267	Root107	Root630	Root274	Root131	Root1277	Soil756	Soil729	Root332	Root318D1	Soil772	Soil809	Soil748	Soil803	Root53	Soil535	Root189	Soil522	Root61	Soil782	Soil736	Soil728	Root342	Soil763	Root456	Root670	Root227	Root190	Soil761	Root343	Soil762	Soil797	Soil538	Root265	Root483D1	Root4	Root264	Soil750	Root112D2	Root1280	Root472D3	Root198D2	Root1220	Root22	Root136	Root268	Root700	Soil766	Root172	Root381	Root554	Root708	Root186	Soil768D1	Root81	Root1212	Soil745	Root420	Root401	Root690	Root569	Root565	Root562	Root170	Root920	Root329	Root157	Root369	Root635	Root123D2	Root901	Root9	Root336D2	Root564	Root685	Root83	Root436	Root1310	Root918	Soil773	Root241	Root1304	Root935	Root100	Root710	Root135	Soil787	Soil764	Root70	Root656	Root552	Root431	Root418	Root149	Root1217	Root1203
input1A	4539	2635	120	337	907	3869	3882	1050	501	2021	898	1367	664	851	987	203	394	333	338	145	63	272	389	333	468	441	161	632	769	388	3928	59	0	3482	2127	207	771	1029	1296	498	148	71	214	330	313	270	104	264	178	452	1321	0	685	522	715	879	50	1465	5	538	796	41	1331	0	866	341	248	186	191	1346	227	68	90	13	178	94	0	1776	238	0	51	174	246	346	193	838	0	136	1319	669	27	0	911	711	2448	2949	2306	708	1394	1560	78	107	29	36	0	1325	0	373	40	913	1	39	562	277	208	484	0	32	168	56	1	1179	1668	0	151	1	0	417	16	1061
input1B	4310	2673	150	393	969	3761	4562	1115	620	2388	990	1503	751	1016	1018	232	463	316	342	140	95	302	442	358	513	423	196	599	949	423	4024	90	0	3301	2527	147	807	958	1459	529	192	85	236	325	316	348	93	269	219	491	1544	0	854	584	844	842	53	1696	13	513	980	55	1511	0	962	406	300	190	188	1551	235	69	101	19	192	86	0	1896	281	0	61	191	242	328	207	857	0	125	1583	690	18	0	956	750	2501	3560	2289	904	1426	1627	66	125	27	40	0	1279	0	370	67	1095	1	39	638	300	210	437	0	41	133	72	0	1342	1849	0	149	1	0	354	14	1001
input1C	5537	3340	165	467	1294	5290	5590	1468	737	2826	1273	1914	921	1165	1292	308	528	399	453	179	103	396	574	449	582	625	255	821	1267	568	5287	122	0	4740	3059	252	1101	1552	1845	762	229	96	288	412	385	368	113	312	277	615	1763	0	1033	666	1021	1283	90	2055	13	752	1182	79	1940	0	1232	460	360	246	222	1860	301	92	128	28	244	102	0	2642	379	0	102	196	345	449	286	1170	0	163	1997	889	37	0	1268	933	3406	3828	3154	989	1900	2034	109	152	31	56	1	1690	0	490	59	1205	5	60	816	422	332	705	0	47	240	67	0	1618	2190	0	213	0	0	509	16	1354
input2A	3078	1784	108	256	628	2711	2306	789	386	1413	674	1114	525	523	785	146	285	222	258	89	47	215	265	216	380	241	149	393	651	350	3522	54	0	2622	1470	125	642	714	1006	360	94	48	129	195	230	205	55	179	155	354	779	1	565	379	516	551	49	984	3	394	630	34	955	0	603	251	171	128	138	1049	100	49	63	9	145	50	0	1177	110	0	58	138	165	265	145	556	0	86	1113	470	16	0	751	565	2051	2699	1871	458	1105	1264	44	56	24	37	0	880	0	221	20	681	5	30	417	219	190	295	0	25	117	47	0	822	1063	0	117	0	0	271	17	689
input2B	3374	1974	126	313	764	3195	2913	930	446	1796	870	1153	564	691	793	140	301	308	287	98	73	284	287	257	404	302	184	513	706	429	3850	64	0	2883	1670	124	746	825	1134	429	109	39	223	272	204	226	76	214	184	391	957	0	646	448	690	663	52	1376	6	442	801	55	1220	0	788	331	198	143	147	1213	111	53	76	14	142	72	0	1550	149	0	62	140	172	300	194	693	0	98	1222	474	21	0	872	610	2342	2928	2321	519	1173	1452	73	59	19	26	0	1023	0	284	33	741	2	24	484	214	205	287	0	21	148	36	0	954	1388	0	129	0	1	340	11	753
input2C	2839	1882	91	273	692	2373	2747	893	344	1567	680	1105	521	657	737	136	279	261	254	99	48	225	292	225	338	263	174	433	640	340	3465	32	0	2447	1730	117	697	617	1023	373	101	56	146	225	206	203	61	153	146	304	901	0	582	422	560	666	44	1081	5	380	659	30	976	0	607	316	195	134	129	1157	113	58	72	9	126	72	0	1347	118	0	35	118	150	240	146	481	0	67	1069	383	25	0	791	549	2090	2819	1963	535	1059	1284	49	52	21	22	0	901	0	241	38	746	0	21	409	184	161	283	0	15	120	40	0	807	1188	0	96	0	0	220	12	598
input3A	3065	1761	93	287	680	2866	3120	859	447	1676	1074	1144	491	632	624	163	357	284	231	109	51	260	280	289	440	288	133	499	702	376	3252	52	0	2675	1499	132	742	764	1032	344	134	66	166	213	263	261	96	199	163	351	882	0	659	463	592	710	49	1308	7	454	779	37	1065	0	737	306	203	154	164	1132	125	62	88	7	162	53	0	1363	290	0	47	124	197	268	163	350	0	111	1247	435	23	0	814	519	1977	2712	1985	482	1126	1176	53	53	8	31	0	859	0	240	31	694	2	31	446	229	144	379	0	33	119	42	0	939	1125	0	116	0	0	292	13	692
input3B	3583	2056	121	304	726	3328	3133	798	428	1677	954	1162	504	705	813	177	363	347	274	137	65	278	275	248	437	330	144	518	767	431	3634	69	0	3073	1687	143	730	797	1139	423	139	53	181	220	238	281	88	208	165	363	966	0	667	462	627	712	58	1185	9	428	831	52	1084	0	791	335	196	153	142	1273	127	52	79	12	177	58	0	1400	299	0	48	140	185	307	182	354	0	92	1222	513	24	0	800	556	2302	2844	2185	598	1117	1356	61	63	20	37	0	977	0	286	37	732	1	32	428	212	200	356	0	28	115	43	0	952	1251	0	127	0	0	320	8	767
input3C	2935	1738	78	248	653	2638	2482	765	393	1628	964	991	446	559	830	154	354	232	253	100	51	190	285	262	364	269	134	457	673	378	3403	70	0	2373	1372	150	667	709	945	330	129	46	164	200	224	238	77	197	161	378	750	0	566	366	572	647	45	1182	6	412	724	38	1045	0	664	257	193	118	142	1169	97	42	79	8	151	42	0	1235	240	0	39	129	170	259	149	341	0	103	1220	439	20	0	798	457	2088	2317	1973	374	958	1226	66	52	13	35	0	867	0	238	22	562	1	27	430	187	145	320	0	32	102	48	0	898	1009	0	108	1	0	294	8	652
Matrix-3-full-B1A	27	38	1	153	11	42	58	13	6	10	10	11	76	43	5	81	0	2	233	0	199	10	10	3	6	332	2	15	3	6	120	0	0	81	5	2	25	10	17	2	57	2	0	2	2503	5	5	21	1	0	6	0	3	1	53	1	1	138	11	6	6470	1	22430	0	8	1	53	5	0	10	0	0	2108	0	3	0	0	13	0	0	1	0	900	3	1	308	0	2	5	1	0	0	26	25	68	311	114	41	26	218	0	15	0	41	0	10	0	2	0	44	0	0	4	612	11	14	0	1	2	26	0	3108	8	0	0	0	0	4	0	25
Matrix-3-full-B1B	6	22	0	57	6	9	37	25	1	13	14	4	1225	52	3	74	1	1	410	3	266	7	0	0	2	308	0	2	3	7	75	0	0	32	2	2	12	0	13	0	51	3	0	0	2717	1	5	8	0	1	0	0	0	0	13	0	2	166	5	1	3908	0	13265	0	6	0	21	3	1	2	0	0	1494	8	0	1	0	7	0	0	0	1	2077	1	2	260	0	0	4	2	0	0	11	33	1356	410	44	72	21	581	0	13	0	204	0	165	0	0	0	130	0	0	0	346	10	69	0	0	1	58	0	5072	2	0	0	0	0	0	0	14
Matrix-3-full-B1C	5	10	0	27	1	8	23	7	9	3	2	2	1536	58	2	65	2	0	369	0	252	9	41	2	8	152	2	1	5	2	36	0	0	51	3	1	8	1	6	1	17	7	0	0	1896	1	5	9	0	1	1	0	3	0	7	4	3	327	3	2	2197	2	5911	0	2	2	11	0	0	0	1	0	747	27	0	0	0	1	0	0	0	3	1750	0	3	170	0	2	0	8	0	0	10	21	429	279	67	33	9	2103	1	3	0	197	0	150	0	0	0	73	0	0	1	331	71	18	0	0	1	12	0	2205	1	0	0	0	0	0	0	11
Matrix-3-full-B2A	10	17	0	28	2	24	40	3	0	3	1	5	129	83	3	62	0	3	248	0	156	5	36	0	3	176	5	14	1	1	85	2	0	81	5	0	9	1	4	0	30	3	0	0	1441	1	0	8	0	0	1	0	2	1	30	0	0	66	1	6	2050	0	8961	0	6	0	20	0	0	0	1	0	768	2	0	0	0	0	0	0	0	0	645	1	1	226	0	1	4	0	0	0	18	8	249	291	99	92	19	1098	0	5	0	60	0	45	0	2	0	57	0	0	0	237	27	10	0	0	0	21	0	1280	5	0	0	0	0	1	0	15
Matrix-3-full-B2B	12	27	0	52	17	21	88	22	8	13	9	2	1685	63	7	142	3	0	782	6	499	17	69	0	9	371	24	7	4	6	82	6	0	93	5	1	12	0	8	1	39	4	0	0	4728	11	3	19	0	2	1	0	2	0	16	4	2	366	5	17	6360	2	9251	0	5	0	41	0	3	6	1	0	2308	29	0	2	0	7	0	0	0	1	2938	2	4	351	0	0	5	2	0	0	39	37	1609	808	176	120	36	1665	0	14	0	636	0	502	0	1	0	118	0	1	0	395	63	38	0	1	0	14	1	7290	2	0	0	0	0	2	0	12
Matrix-3-full-B2C	11	15	0	60	8	15	50	21	1	8	7	9	1318	74	2	102	3	3	622	2	417	12	75	0	12	258	1	17	0	6	106	1	0	131	5	1	10	3	8	2	42	3	0	4	3534	10	9	17	0	1	5	0	7	1	19	3	0	464	2	19	3717	0	13740	0	6	3	22	0	0	4	2	0	1312	28	2	0	0	4	0	0	0	3	3158	1	2	231	0	3	3	3	0	0	23	43	952	559	197	73	37	6609	0	4	0	141	0	259	0	4	0	63	0	1	2	509	49	47	0	1	1	19	0	4080	7	0	1	0	0	0	0	11
Matrix-3-full-B3A	14	26	0	53	5	25	44	17	0	4	4	5	940	62	5	91	1	6	930	2	381	4	79	4	6	381	5	2	2	7	133	0	0	56	10	0	22	3	14	2	45	1	0	1	4178	6	3	15	0	2	3	0	0	0	75	2	3	299	1	3	5349	0	12805	0	5	9	36	0	0	8	3	0	1914	0	0	0	0	2	0	0	0	1	2521	0	1	491	0	2	7	1	0	0	20	45	482	660	92	63	60	1442	0	9	0	119	0	57	0	0	0	188	0	0	3	392	33	32	0	0	0	25	0	7456	6	0	0	0	0	3	0	24
Matrix-3-full-B3B	9	16	1	63	6	25	65	17	3	6	13	15	550	63	2	70	2	1	514	0	372	6	29	2	20	290	10	8	6	7	65	0	0	74	2	0	15	3	21	1	30	4	0	0	2942	6	3	6	0	0	3	0	4	2	7	0	3	625	0	7	5102	0	12410	0	5	3	34	0	1	7	0	1	1984	0	0	1	0	17	0	0	0	0	2098	1	0	352	0	3	8	7	0	0	15	37	976	506	98	60	41	8368	0	6	0	172	0	37	0	0	1	100	0	1	3	449	25	49	0	0	0	29	0	6484	1	0	0	0	0	2	0	11
Matrix-3-full-B3C	9	19	0	71	10	32	48	22	6	6	7	5	1586	107	4	94	6	2	605	3	365	7	260	0	8	260	5	8	2	5	131	2	0	209	2	1	7	3	13	2	68	5	0	0	3784	10	3	17	0	0	2	0	10	0	56	1	1	278	2	16	4976	0	13424	0	25	0	15	0	0	5	3	0	1489	24	0	0	0	6	1	0	0	1	1658	1	4	408	0	0	4	1	0	0	7	41	796	482	89	72	34	3990	0	4	0	110	0	496	0	0	0	78	0	0	3	732	181	25	0	0	0	9	0	4192	4	0	1	0	0	3	0	25
Matrix-full-B1A	18	64	2	504	31	47	145	125	274	48	36	17	25	334	13	198	1	55	11	19	4	8	16	7	701	130	1	109	17	26	371	0	0	95	10	3	40	5	18	5	247	22	10	8	1161	45	55	49	1	6	8	0	18	9	12	30	1	4035	3	7	166	64	1163	0	66	8	13	4	6	24	3	0	21	0	4	2	0	40	0	0	0	3	2754	3	2	1	0	1	22	2	4	0	81	100	32	360	416	128	108	22633	1	0	0	43	0	10	0	4	0	74	0	2	20	7	0	10	0	1	1	35	0	2644	9	0	1	0	0	1	0	6
Matrix-full-B1B	19	70	1	67	27	86	147	97	15	23	44	18	17	214	10	177	0	12	6	8	5	11	18	2	103	117	4	52	14	9	372	2	0	66	15	6	50	9	16	9	177	9	5	3	651	33	13	23	0	2	5	0	5	7	87	9	7	1669	1	8	42	0	2554	0	42	1	12	1	0	13	0	0	10	0	0	0	0	27	0	0	3	5	2787	2	2	8	0	0	20	7	0	0	34	68	81	1639	289	210	91	22005	0	0	0	22	0	320	0	3	1	204	0	0	5	6	1	3	0	0	0	14	0	13406	17	0	1	0	0	8	0	14
Matrix-full-B1C	11	19	0	35	5	41	75	30	5	11	8	7	15	98	4	73	1	16	2	14	7	6	10	3	71	35	2	21	3	8	145	0	0	16	6	1	17	7	4	1	86	2	1	2	193	10	1	9	0	1	4	0	4	3	313	2	0	273	0	12	14	3	1832	0	48	1	4	0	0	3	0	0	6	2	1	0	0	8	0	0	0	2	1298	1	2	1	0	0	4	3	0	0	11	28	84	1112	109	94	45	8525	0	0	0	2	0	329	0	2	1	79	0	0	3	11	0	1	0	0	1	21	0	6641	1	0	2	0	0	1	0	9
Matrix-full-B2A	24	45	1	76	12	30	115	59	67	13	35	11	16	124	15	227	4	31	8	13	3	15	18	3	347	42	1	39	9	12	150	0	0	37	18	0	23	14	15	2	52	3	3	1	478	30	11	35	1	0	10	0	11	7	77	27	1	906	2	9	49	0	733	0	41	4	6	1	0	15	1	0	14	0	5	0	0	30	2	0	0	0	3663	2	3	4	0	1	21	3	0	0	10	68	34	652	115	83	53	19688	0	0	0	10	0	59	0	0	0	82	0	0	3	22	4	3	0	0	0	13	0	2626	7	0	0	0	0	8	0	4
Matrix-full-B2B	11	32	0	299	10	39	122	78	468	29	25	9	7	197	13	127	7	24	9	14	7	24	19	5	923	42	2	229	6	9	285	0	0	38	7	5	26	8	11	1	113	11	8	3	394	21	33	50	0	4	2	0	10	2	8	22	2	882	3	7	123	23	468	0	74	10	16	3	0	29	0	0	10	0	1	0	0	49	4	0	0	1	2321	0	3	2	0	2	17	4	0	0	10	44	25	362	220	52	60	16347	0	0	0	62	0	6	0	0	0	86	0	0	23	19	5	3	0	0	0	9	0	776	7	0	3	0	0	4	0	5
Matrix-full-B2C	13	24	0	242	27	44	83	59	163	26	12	10	9	175	5	144	1	22	13	10	10	17	11	0	442	104	0	76	12	12	380	0	0	57	6	1	22	7	15	3	200	6	6	9	807	14	38	34	0	0	5	0	3	1	20	8	0	3110	2	9	119	19	1030	0	33	0	3	0	0	15	0	0	14	0	1	0	0	12	0	0	1	1	1697	2	3	0	0	0	15	5	0	0	63	57	43	340	541	75	46	14617	1	1	0	31	0	11	0	1	0	54	0	0	2	11	2	3	0	0	0	23	0	2623	4	0	0	0	0	0	0	4
Matrix-full-B3A	15	47	0	408	28	26	127	62	677	23	16	16	20	261	14	189	1	39	40	11	73	16	7	4	676	108	0	51	8	16	250	0	0	63	16	3	43	9	8	4	173	5	2	12	897	17	20	29	2	4	9	0	6	4	31	17	1	2169	4	8	104	62	907	0	29	5	9	0	2	17	0	0	18	1	2	2	0	21	0	0	0	2	1248	1	1	7	0	1	8	4	0	0	78	170	128	430	469	146	78	11803	0	0	0	27	0	10	0	0	0	70	0	0	9	113	11	2	0	4	0	26	0	2409	1	0	2	0	0	1	0	12
Matrix-full-B3B	10	27	0	135	7	21	48	43	8	6	16	5	8	123	6	81	0	27	8	5	33	3	8	2	168	45	0	14	5	10	94	1	0	22	7	0	10	1	8	4	63	7	0	1	407	22	15	30	0	4	3	0	3	3	103	4	0	443	0	6	53	12	2008	0	25	3	7	0	1	7	0	1	13	0	1	0	0	9	0	0	0	0	2693	0	1	3	0	1	2	1	0	0	16	51	37	637	99	96	30	16460	0	0	0	16	0	50	0	0	0	99	0	0	3	19	7	1	0	0	0	9	0	6039	2	0	0	0	0	2	0	7
Matrix-full-B3C	6	31	0	88	17	32	79	33	107	7	22	11	13	152	3	90	2	15	10	4	19	11	9	3	116	52	1	45	2	11	180	0	0	28	12	0	21	9	6	1	129	3	2	4	421	17	3	6	0	3	2	0	2	2	72	14	0	1195	0	1	53	7	1658	0	18	2	9	0	0	13	0	0	5	3	0	0	0	10	0	0	0	5	1024	0	5	3	0	1	16	4	0	0	52	46	61	305	200	64	38	7537	0	0	0	7	0	66	0	4	0	50	0	0	2	19	7	0	0	0	0	11	0	5028	5	0	0	0	0	1	0	8
Root-3-full-B1A	7	14	0	30	1	10	14	8	4	2	3	11	26	6	3	316	0	10	2956	0	3540	18	1	1	5	115	36	37	1	0	26	0	0	113	4	0	5	0	5	3	93	2	0	1	16562	4	19	19	0	1	5	0	1	1	25	5	0	180	117	24	11044	1	6950	0	15	0	74	4	0	17	1	0	11507	0	0	0	0	4	1	0	0	0	765	0	0	151	0	0	4	0	1	0	1	6	1281	502	17	342	13	247	1	0	0	152	0	83	0	0	0	3	0	0	1	2587	6	5	0	0	1	84	0	2095	2	0	0	0	0	3	0	3
Root-3-full-B1B	28	17	0	20	8	17	489	14	6	8	12	3	141	110	1	386	11	19	3149	1	2740	34	8	0	3	358	15	6	1	2	30	0	0	128	5	0	11	4	7	2	43	4	0	3	10525	0	5	18	0	5	2	0	5	1	31	4	0	307	150	39	6254	0	9592	0	20	1	43	12	1	10	117	0	4693	0	5	0	0	7	4	0	0	0	1052	0	3	382	0	0	19	8	0	0	13	9	270	365	20	34	9	452	0	4	0	674	0	70	0	0	0	18	0	0	3	3673	64	10	0	0	0	33	0	3803	7	0	1	0	0	4	0	16
Root-3-full-B1C	7	0	0	146	3	11	22	1	0	3	3	7	58	5	1	211	1	39	984	0	923	1	2	3	3	91	0	2	0	4	15	0	0	12	11	12	1	4	5	1	181	1	0	3	6656	2	38	17	0	2	0	0	0	1	3	3	0	1331	257	9	20738	2	7007	0	8	0	154	0	1	2	1	0	12747	0	2	0	0	4	3	0	0	0	216	2	0	148	0	0	2	4	0	0	4	2	1157	65	15	52	11	113	0	16	0	162	0	31	0	0	0	10	0	0	2	9033	3	8	0	0	0	28	0	3820	2	0	1	0	0	2	0	1
Root-3-full-B2A	72	26	0	143	18	41	51	18	24	43	23	33	137	25	7	594	4	11	1382	5	1662	58	5	3	7	273	14	28	1	8	32	2	0	97	12	4	15	16	23	10	139	0	1	4	7555	2	22	25	10	2	12	0	26	12	76	10	40	650	141	12	18815	0	18673	0	42	1	309	12	8	14	2	3	7569	0	4	0	0	26	2	0	0	0	500	1	2	299	0	0	26	13	0	0	14	47	127	208	57	10	15	896	0	16	0	74	0	64	0	1	0	20	0	1	15	5228	33	9	0	0	2	77	0	6075	10	0	0	0	0	14	0	8
Root-3-full-B2B	11	9	0	50	2	21	189	4	3	12	5	8	67	186	3	458	8	17	2522	2	4404	7	15	3	19	510	20	39	1	2	28	0	0	263	2	15	13	0	9	0	163	2	0	1	9232	2	5	27	0	1	0	0	7	0	6	2	18	960	675	22	4814	6	9193	0	4	2	129	2	1	1	0	0	8170	0	1	0	0	10	3	0	0	0	3271	4	2	350	0	0	4	2	0	0	22	46	2562	1208	48	378	20	2817	0	118	0	467	0	12	0	2	0	27	0	0	8	7403	23	2	0	0	0	32	0	6723	2	0	3	0	0	0	0	4
Root-3-full-B2C	8	2	0	20	2	3	234	9	3	2	7	1	82	82	2	185	5	8	1296	1	953	1	2	2	32	107	13	17	0	3	15	1	0	147	3	1	1	2	6	1	248	1	1	2	4941	3	29	26	0	0	5	0	25	0	2	2	0	368	47	16	7809	0	3440	0	1	0	38	0	1	1	3	0	3491	1	0	0	0	2	0	0	0	2	609	0	0	719	0	0	4	1	0	0	7	33	2427	3037	16	8	10	1131	0	744	0	147	0	85	0	0	0	3	0	1	4	17561	9	4	0	0	0	15	0	3431	2	0	0	0	0	2	0	12
Root-3-full-B3A	11	6	0	26	4	3	19	9	1	5	7	5	360	6	4	307	2	6	1117	1	1714	3	3	0	2	85	0	5	0	6	21	0	0	27	0	1	5	1	6	0	168	7	0	0	10360	0	57	44	0	0	0	0	0	0	20	0	0	349	154	2	15171	1	6754	0	5	2	94	1	0	0	0	0	7871	0	0	0	0	5	0	0	0	0	471	0	3	263	0	0	2	1	0	0	21	75	1239	1112	27	218	31	1220	0	6	0	181	0	307	0	0	0	15	0	0	0	6139	10	0	0	0	0	15	0	1687	1	0	0	0	0	0	0	4
Root-3-full-B3B	0	3	0	14	3	3	74	23	5	4	0	13	77	121	1	485	3	14	2416	0	1753	16	22	0	3	460	2	7	0	2	24	0	0	331	0	0	9	0	4	1	97	4	1	0	7235	0	6	24	0	0	0	0	0	1	9	3	1	325	252	51	6368	0	4911	0	1	0	94	1	0	0	29	0	5414	2	0	0	0	3	0	0	0	0	989	0	2	548	0	0	0	0	0	0	17	2	927	1641	33	299	9	2192	0	6	0	807	0	505	0	0	0	7	0	0	0	12513	19	7	0	0	2	34	0	6471	0	0	0	0	0	0	0	13
Root-3-full-B3C	3	6	0	86	9	14	16	5	1	9	3	1	38	15	1	548	6	60	2773	1	720	9	9	0	2	129	5	55	0	7	17	0	0	11	3	0	3	7	2	1	183	6	0	0	8063	3	14	10	0	3	0	0	1	0	82	1	0	155	142	8	9386	0	11737	0	15	1	125	17	0	1	0	0	3459	0	0	0	0	3	0	0	0	0	416	0	0	402	0	0	10	0	0	0	3	19	313	393	15	5	11	101	0	9	0	176	0	15	0	0	0	2	0	0	1	2202	22	6	0	0	0	63	0	3338	1	0	0	0	0	1	0	4
Root-full-B1A	13	12	0	96	6	0	3720	3	3	8	4	9	3	275	5	314	21	247	1672	1	1873	36	1222	1	106	1003	6	140	2	11	38	0	0	429	9	1	9	1	3	0	328	0	1	7	13784	6	41	97	0	0	0	0	0	0	141	4	26	3584	21	109	785	1	4659	0	23	0	80	2	2	0	673	0	1196	0	0	0	0	13	2	0	0	0	1992	2	93	639	0	1	0	0	0	0	22	19	83	1126	511	766	17	18698	1	51	0	182	0	100	0	0	0	33	0	0	2	3131	291	0	0	0	0	172	6	10614	2	0	0	0	0	55	0	4
Root-full-B1B	28	18	1	169	16	5	67	11	3	21	10	25	23	339	3	638	5	298	1447	0	7399	20	168	0	125	477	11	195	7	12	41	0	0	150	10	0	12	3	8	3	311	3	0	20	12280	7	28	70	0	2	0	0	2	4	35	7	0	4168	110	80	250	0	2612	0	12	0	124	4	1	4	0	0	490	0	1	0	0	15	0	0	1	1	1438	0	1	822	0	0	1	0	0	0	3461	28	4861	7297	2432	1577	28	10253	0	74	0	145	0	22	0	0	0	42	0	0	4	5272	111	0	0	0	2	104	0	7271	2	0	0	0	0	152	0	0
Root-full-B1C	2	20	0	50	17	5	681	63	5	802	4	5	19	684	3	551	15	53	2454	0	1219	5	280	0	66	257	53	29	2	7	41	0	0	125	5	0	0	1	1	3	99	2	0	0	5150	4	12	44	0	0	0	0	8	0	269	0	240	2936	64	135	703	5	2911	0	18	1	43	1	2	2	137	0	1094	0	0	0	0	10	0	0	0	0	1074	0	13	694	0	0	1	0	0	0	53	2614	3371	2273	134	292	18	7419	0	41	0	134	0	20	0	1	0	18	0	0	4	976	306	0	0	0	0	7	0	5269	2	0	0	0	0	117	0	38
Root-full-B2A	5	12	1	410	9	7	59	7	31	181	9	9	3	411	1	407	11	168	420	0	2812	36	1009	1	232	732	8	126	4	11	82	0	0	83	3	0	4	1	5	1	290	3	0	2	7850	5	76	61	1	1	73	0	1	0	32	5	0	5513	39	53	1061	8	2951	0	4	2	7	3	0	3	1	0	1647	0	0	1	0	3	0	0	0	0	1976	0	1	400	0	0	2	2	1	0	35	39	1007	1349	80	577	14	13910	0	2	0	206	0	8	0	0	1	19	0	1	4	5456	147	2	0	0	0	21	2	3685	2	0	0	0	0	6	0	0
Root-full-B2B	12	13	0	124	13	17	75	9	6	32	4	10	3	177	3	391	2	179	783	0	1704	10	529	2	182	701	2	86	0	7	34	0	0	72	4	0	11	0	11	0	221	6	2	4	11827	2	32	126	0	5	5	0	3	1	47	5	42	1780	15	109	118	2	2456	0	15	2	59	3	0	3	4	2	401	0	4	1	0	8	1	0	1	1	1554	0	21	745	0	0	6	2	0	0	159	26	503	993	216	424	26	22317	0	0	0	215	0	93	0	2	0	17	0	1	5	730	173	5	0	0	1	20	0	5920	1	0	0	0	0	25	0	1
Root-full-B2C	151	161	5	255	54	164	126	55	291	92	46	87	30	314	45	153	26	137	3115	19	6939	36	359	25	1129	153	13	275	51	16	369	3	0	225	70	4	53	34	67	19	143	11	17	26	5444	11	33	84	4	29	28	0	35	16	39	71	319	656	11	46	234	7	926	0	71	9	37	8	5	58	4	3	115	1	15	1	0	423	6	0	1	10	812	5	8	121	0	6	90	29	2	0	3173	48	563	1822	2366	410	56	10652	0	0	2	167	0	104	0	16	0	61	0	1	40	199	110	5	0	1	2	12	2	1058	56	0	4	0	0	171	1	42
Root-full-B3A	1	4	0	134	2	4	15	1	2	26	6	5	17	603	0	168	73	118	905	0	8645	4	25	1	279	142	4	58	1	2	26	0	0	51	5	1	3	1	0	0	121	4	0	4	4789	4	24	77	0	0	1	0	3	0	24	2	4	3852	27	20	540	9	2183	0	6	1	14	2	0	1	37	0	1657	0	1	0	0	11	0	0	0	2	1641	0	14	57	0	2	0	0	0	0	217	24	9604	1795	203	94	5	7716	0	0	0	133	0	18	0	0	0	5	0	0	3	100	87	1	0	0	0	23	0	3304	0	0	0	0	0	16	0	0
Root-full-B3B	2	12	1	434	4	3	902	11	53	11	11	5	6	274	1	314	5	207	3201	3	2241	3	301	0	188	570	17	173	0	6	59	0	0	45	8	0	4	0	7	4	345	7	0	0	11418	3	35	77	0	0	2	0	0	0	85	3	0	2739	10	47	541	14	3453	0	15	1	33	2	2	4	0	0	360	0	0	0	0	7	0	0	0	0	936	0	24	177	0	0	0	0	0	0	69	35	4549	1391	99	209	29	13709	0	65	0	68	0	242	0	0	0	24	0	0	0	361	115	0	0	0	0	42	0	6849	3	0	0	0	0	2	0	0
Root-full-B3C	3	21	0	970	89	7	191	15	155	45	17	44	26	267	4	786	65	174	757	1	2066	6	53	1	988	763	7	243	9	15	174	0	0	123	8	0	24	1	21	1	464	2	0	9	14924	2	60	74	0	3	0	0	2	1	25	12	0	6217	171	40	613	70	2663	0	28	4	77	6	1	1	3	0	2030	0	1	1	0	21	0	0	0	0	1467	0	2	3	0	1	4	1	0	0	33	202	1451	906	111	621	47	23565	0	29	0	102	0	34	0	0	0	22	0	2	7	505	35	0	0	0	0	72	0	5031	3	0	0	0	0	6	0	0
